122110912
222116717
223104789
223147983
123164637
123160697
123164590
123164634
123164619
123164642
123164556
123164595
123160802
123164596
123164625
123164618
123164544
123164557
123164603
123160674
123160923
123160679
123160799
123160792
123164568
123164536
123164635
123164608
123164672
123164537
123160392
123164565
123164567
123164566
123160808
123160819
123160809
123160787
123160599
123160593
123160411
123160390
123160603
123160817
223147910
223147969
223147954
223147974
223147946
223147956
223147966
223147957
223147945
223147955
223147934
223147959
223147892
223147948
223147911
223147991
223147962
223147942
223147901
223147898
223147941
223147997
223147988
223147990
223147978
223147849
223147996
223147929
223147918
223147930
223147982
223147979
223147995
223147931
223147980
223147984
223147985
223147986
223147987
223147992
223147975
223147976
223147967
223147977
223147989
423120535
423120518
423120536
423120585
423120540
423120561
423120575
423120519
423120531
423120522
423120546
423120577
423120552
423120578
423120529
423120604
423120482
423120491
423120547
423120554
423120606
423120555
423120464
423120483
423120515
123164575
123160791
123160786
123160678
123164648
123160704
123160675
123164574
123160676
123160671
123164604
123160680
123160708
123164554
123160810
123160580
123160576
123160907
123160581
123160687
123160908
123160803
123160575
123160821
123164539
123160914
123160402
123160412
123160417
123160363
123164617
123164563
123164551
123164560
123160801
223147991
223147898
423120545
423120527
423120566
423120588
123160677
223182576
123198722
123198813
123198987
123198795
123198986
123198819
123198605
123198988
123198818
123198825
123198743
123198755
123198826
123198827
123198824
123198995
123198746
123198712
123198985
123198992
123198815
123198747
123198990
123198732
123198833
123198731
123198733
123198756
123198989
123201671
123201698
123201687
123201639
123201640
123201680
123201686
123201703
123201668
123201696
213199013
213199004
213199010
213199017
213199012
213199008
213199018
223182578
223182530
223182558
223182550
223182554
223182552
223182363
223182542
223182494
223182572
223182442
223182563
223182544
223182534
223182581
223182525
223182556
223182573
223182531
223182577
223182350
223182322
223182461
223182543
223182533
223182562
223182580
223182438
223182582
223182545
223182574
223182567
223182460
223182462
423134104
423134082
423134062
423134027
423134090
423134107
423134071
423134108
423134035
423134086
423134092
423134077
423134052
423134070
423134089
423134063
423134093
423134061
423134099
423134094
423134087
423134066
423134054
423134059
423134069
423134045
423134105
423134064
423134083
423134038
423134065
423134067
423134081
423134084
423134037
423134117
423134073
423134116
423134074
423134075
423134068
423134079
423134095
423134072
423134076
423134096
423144695
223198930
223199142
123226102
123226092
223199066
223199193
123225954
123226107
123201678
123225910
223201633
223201665
223201629
223201654
423134085
423144717
223182350
223182584
223201655
123225916
123225945
123225898
123226090
123201695
423159517
123199013
123198746
123225936
123225915
123199008
123199017
123201668
223198900
223199200
223201623
223201641
123225962
123256039
123256028
123256063
123256042
123237370
223238924
223238916
423159522
423134085
423144717
223201665
223201629
223201654
223201655
223182584
123225910
123201678
123256049
123256096
123256125
123256017
123256038
123272303
123256042
123237370
223238924
223238916
423159522
423134085
423144717
223201665
223201629
223201654
223201655
223182584
123225910
123201678
223246058
123271445
223246125
123272453
123271454
123271456
223246231
223461119
223246222
223246099
123271573
223246235
223246061
223264971
223265005
223264994
223264961
223264965
223264963
223264964
223264955
223265236
223236133
223265253
223236057
223236143
223265265
223265302
223265048
223236388
223236388
223264944
223265229
223265223
223265298
223265228
223265238
223265300
223246049
223246240
223246050
223249357
223249366
223249349
223249319
223246108
223246057
223246042
223246064
223246342
223246238
223246073
223246071
223246217
223246003
223245995
223246060
223249328
223249308
223249307
223249336
223249310
123272303
123271476
123272324
123271474
123271490
123271497
123271461
123271469
123271494
123272323
123272327
123272347
123271451
123271468
123271478
123271477
123271452
123271473
223236053
223236062
223236055
223236036
223249353
223236056
223249371
223236401
223249352
223249363
223249313
223249304
223249302
223249324
223249351
223249343
123272459
123272315
123272440
123272338
123271531
123272432
123272468
123272355
123272313
123272299
123278283
123272471
123272454
123278047
123278006
123272441
223246043
223246063
223246052
223246051
223246167
223246128
223245992
223246091
223246001
223246130
223246110
223246132
223246233
223246224
223264952
223265295
223265283
223264962
223264955
223265294
223249318
223249309
223249306
223249305
223249373
223249311
223249360
223249372
223249363
223249361
223265114
223265239
223236400
223265107
223265226
223265088
223265247
223265227
223264960
223264975
223264983
223265004
223264978
223264958
223264968
223264949
123271475
123272229
123271541
123271457
123271440
123271465
123271442
123271446
123272443
123272335
123272473
123272346
123272448
123272321
123272330
123272322
223265014
223264977
223265076
223265037
223264972
223264976
223264974
223264966
223246212
223246059
223246101
223246226
223246011
223246004
223246131
223246053
223264979
223265282
223236034
223265254
223236038
223236065
223236079
223236205
223246227
223246129
223246234
223246232
223246114
223246012
223246013
223246236
123272472
123278284
123278284
123272218
123272239
123272482
123278241
123272469
123272427
123272427
123272217
123272512
123272231
123271466
123272458
123272444
123272314
123272228
123272235
123272438
123272216
123272462
123272461
123272305
123272467
223245993
223246214
223246062
223246223
223246048
223246072
223246228
223246213
123271449
123271453
123272333
123272294
123271459
123271485
123272304
123271486
123272450
123272450
123272317
123272470
123272326
123272460
123272316
123272328
223199137
123256026
123237373
223239240
123256048
123271455
223238882
123256041
123271451
223239080
223238917
223238884
223239057
223249310
223249307
223245995
223249328
223246057
223246042
223246064
223249342
223246238
223246073
223246217
223246071
223246049
223246240
223246050
223249357
223249366
223249349
223249319
223246108
223206388
223264944
223265229
223265233
223265298
223265228
223265238
223265300
223264960
223264975
223264983
223265004
223264978
223264958
223264968
223264949
223265114
223265239
223266400
223265107
223265226
223266088
223265247
223265227
223249306
223249305
223249373
223249311
223249360
223249372
223249362
223249361
223264952
223265295
223265283
223264962
223264955
223265294
223249318
223249309
223265236
223236133
223265253
223236057
223236143
223265265
223265302
223236048
223245992
223246091
223246001
223246130
223246110
223246132
223246224
223246233
223239068
223239017
223239052
223239034
423144674
423144704
423144685
423144734
442314715
423144744
423144724
423144725
423144723
423144739
423144740
423144726
423144733
423144743
423144681
423144716
423134084
423134067
423134054
423134059
423134069
423134052
423134092
423134086
423134105
423134038
123272328
123272433
123256062
123272301
123272360
123272453
123272316
123251334
123185725
123185821
123186312
123185786
123186305
123186249
123185987
123185773
123186261
123186294
123186209
123186301
123186017
123185778
123185985
123185817
123185952
123185894
123185775
123185791
123185824
123186223
123185782
123185999
123186060
123185771
123186311
123185806
123185916
123186300
123185762
123186265
123186056
123186250
123186020
123186061
123185920
123186217
123168984
123169042
123168966
123169066
123168960
123168881
123168873
123168813
123168978
123168994
123168996
123169041
123168861
123168990
123169114
123168898
123168880
123168926
123168956
123169082
123168858
123168942
123168856
123169040
123168977
123169032
123169058
123168993
123168895
123169029
123168910
123169084
423131763
423131574
423131760
423131642
423131737
423131607
423131770
423131616
423131769
423131772
423131630
423131515
423131738
423131618
423131632
423131547
423131665
423131601
423131594
423131629
423131778
423131605
423131573
423131546
123185770
123185746
123186216
123185765
123185906
123186188
123185794
123186025
123186065
123186069
123186057
123186072
123186210
123185772
123186033
123185776
123186107
123185807
123186021
123186220
123186289
123185996
123186085
123185931
123186028
123186030
123185799
123186039
123186193
123186058
123186101
123186091
123186258
123185818
123186310
123185738
223169087
223168955
223169394
223168833
223169109
223169064
223169418
223169119
223169527
223168958
223169086
223168909
223169081
223169631
223169412
223168908
223169089
223169061
223169437
223169070
223168975
223169060
223168983
223169075
223168964
223168946
223169609
223168917
223168957
223169090
223168828
223168965
123185768
123185768
123186204
123185984
123186170
123185852
123186011
123186221
123186202
123185950
123185812
123185825
123186013
123186097
123185767
123186119
123185902
123186288
123186005
123186027
123186295
123185943
123185928
123186081
123185915
423159528
223239078
423159526
223239058
223239056
223239088
223238953
223239012
223239067
223238859
223238926
223238918
223239014
223239086
423131744
423131784
123185766
223168984
123225917
123185728
423159528
223239078
423159526
223239058
223239056
223239088
223238953
223239012
223239067
223238859
223238926
223238918
223239014
223317439
223317165
223317443
223317414
223317162
223317198
223317781
223317533
223317770
223317418
223317758
223317428
223317422
223317440
223317189
223317408
223317441
223317443
223317165
223317439
123266026
123265986
123147688
123326473
123326489
123265987
123356438
123147293
123326456
123147635
123323841
123326437
123327700
123326498
123326439
123326447
123265985
123326448
123327695
123327643
223318783
223318919
223319016
223318927
223319017
223318960
223318971
223319003
223318718
223318890
223318785
223318725
223318772
223318723
223318727
223318724
223319021
223319020
223318987
223318866
223318826
223318736
223318964
223319014
223318729
223318843
223318782
223319025
223319024
223319018
223318975
223318741
223318988
223318747
223318734
223318740
223318771
223318757
223318813
223318726
223319008
223318745
223319009
223319013
223318943
223319004
223318812
223318991
223319023
223318786
223318995
223318730
223318892
223318936
223318721
223318775
123266024
123276027
123326480
123147654
123327640
123323832
123327679
123327713
123326534
123147676
123147684
123147689
123327693
123147645
123326563
123147644
123326472
123326463
123326455
123147707
123147660
123147624
123323806
123326457
123327347
123265983
123147634
123147668
123326516
123327374
123327601
123327619
123327709
123147689
123327329
123147709
123185911
123326500
123147625
123276063
123327666
123323798
123327701
123327617
123327644
123327677
123323759
123147678
123147646
123327686
123326488
123266087
123327452
123147679
123327710
123327689
123147717
123147647
123147669
123326447
123326448
123147688
123326473
123323841
123147635
123326498
123326438
123327700
123265987
123326489
123265986
123326437
123266023
123326456
223318980
223319000
223318981
223317428
223317781
223317162
223317533
223317198
223317418
223317440
223317770
423189821
223319010
223318926
223319002
223319027
223318929
223318784
223319015
223319022
223318940
223319012
223318999
223318992
223318937
223318920
223318742
223318932
223318993
223318852
223318922
223319019
223318923
223318717
223318838
223318766
223318835
223318891
223318846
223318756
223318777
223318832
423189778
423189724
423189944
423189732
423189759
423189760
423189812
423189802
423189989
423989968
423189780
423189741
423189762
423189756
423189979
423189751
423189791
423189819
423189959
423189793
123327707
123327688
123327605
123327723
123327726
123327635
123147687
223318780
423189770
223318733
223318765
123338900
123338171
123338170
123338173
123338161
123339005
123338169
123338160
123338175
123338968
123338938
123338921
123338940
123338196
123338202
123338949
123338200
123338179
123338856
123338847
123338187
123338163
123338178
123338189
123338871
123338878
123338829
123338820
123338201
123339068
123338875
123338874
123339046
123339058
123339049
123339050
123339071
123339060
123338191
123338208
123338168
123338177
123338174
123338966
123338932
123338176
123339048
123338199
123338186
123200493
223191157
423140204
123338161
123339080
123338916
123338862
123338850
123338896
123338825
123338810
123339052
123339009
123339102
123338831
123338876
123338140
123338150
123338899
123338918
123338816
123339069
123338814
123338962
123338172
123339053
123338207
123338180
123338960
123338956
123338846
123339055
123339072
123339081
123339021
123338979
123338112
123338824
123389930
123338974
123338988
123338955
123338120
123337988
123338310
123338941
123338866
123339078
123338927
123339001
123338181
123338891
123333880
123338182
123338923
123339031
123338937
123338945
123338895
123338995
123338868
123338215
123339061
123338204
123338105
123338165
123338029
123338246
123338830
123338195
123338206
123338904
123338198
123338952
123338307
123338166
123338973
123339047
123338291
123338882
123339070
123338846
123338828
123339059
123338987
123338894
123338958
123338922
123389935
123338813
123338909
123338977
123338044
123338867
123338081
123338905
123338936
123338992
123338954
123338980
123338881
123339006
123338991
123339007
123339033
123338811
123339002
123338969
123339076
123338845
123338815
123339054
123338193
123339051
123339043
123338883
123338950
123338917
123338164
123338853
123338986
123339022
123338827
123338839
123338948
123338919
123338929
123338115
123338908
123339023
123338953
123338936
123338184
123339079
123338162
123338924
123389961
123338981
123338885
123338939
123339063
123339067
123338203
123338861
123338951
123338887
123338869
123338298
123338205
123338167
123338188
123338943
123338183
123338942
123338983
123338957
123339071
123338999
123338975
123338920
123338916
123338809
123339020
123338840
123338964
123339062
123339057
123338989
123338870
123338928
123338944
123337956
123338849
123338192
123338194
123338970
123338903
123339011
123338851
123339044
123339096
123338888
123338889
123338819
123338872
123338931
123338947
123338185
123338224
123338211
123338271
123338190
123338179
123338852
123338902
123338910
123338217
123338817
123338890
123339004
123338965
123338625
123338933
423195774
423195761
423195773
423195751
423195793
423195785
423195776
423195335
423195798
423195790
423195814
423195800
423195609
423195188
423195425
423195809
423195806
423195326
423195753
423195810
423195577
423195743
423195233
423195451
423195782
423195618
423195590
423195789
423195433
423195752
423195775
423195821
423195797
423195779
423195780
423195829
423195827
423195642
423195600
423195819
423195825
423195610
423195436
423195446
423195449
423195441
423195815
423195417
432195799
423195807
423195778
423195818
423195770
423195791
423195811
423195783
423195788
423195813
423195812
423195822
423195808
423195559
423195762
423195450
423195268
423195820
423195823
423195796
423195805
423195443
423195444
423195816
423195771
423195787
423195438
423195343
423195824
423195447
423195452
223334171
223333693
223333789
223333687
223333163
223334260
223334207
223333837
223334201
223333835
223334283
223333903
223334249
223334275
223333587
223333840
223333623
223333854
223333695
223333910
223333820
223334262
223333868
223334272
223334231
223334224
223333911
223333813
223333819
223334204
223333710
223333884
223334245
223334267
223334618
223334213
223333701
223333822
223333844
223333521
223334159
223333621
223333855
223334261
223333626
223333771
223333683
223333639
223333685
223334252
223333851
223333897
223333896
223334178
223333591
223334230
223333636
223333678
223334237
223333619
223333716
223333902
223333598
223333622
223333668
223333648
223334263
223334206
223333643
223334239
223334195
223333671
223333725
223333862
223333867
223333872
223333709
223333842
223333858
223333740
223333689
223333610
223333611
223333812
223334265
223334292
223333823
223333875
223334251
223333863
223334160
223333706
223334240
223334232
223334196
223334273
223334284
223333631
223333637
223333617
223333686
223333658
223333635
223333704
223333912
223333889
223333691
223333860
223333615
223333682
223333843
223333692
223334222
223333869
223333564
223333881
223333616
223333882
223333836
223333787
223334269
223333592
223333883
223333647
223333719
223333657
223333834
223333720
223333857
223333607
223333641
223334243
223333675
223333690
223334248
223333890
223334270
223334161
223333891
223333696
223334242
223333708
223334302
223333866
223333705
223333633
223333674
223334238
223333892
223333790
223333859
223333683
223334241
223334200
223333728
223333601
223333833
223334162
223334293
223333697
223333649
223334223
223333438
223333736
223333876
223333845
223334250
223333808
223333852
223333841
223333733
223333827
223334205
223333700
223333673
223334258
223333818
223333811
223333894
223333888
223333529
223333853
223333798
223333846
223333848
223334168
223333850
223334268
223334271
223333590
223333640
223333629
223334254
223334233
223334259
223334235
223333414
223334282
223333821
223333681
123186260
223333882
123201680
223239236
223185533
123338176
123338820
123338871
223333706
123338879
123338852
123338967
123242122
223103646
223199188
223333789
123220193
223210449
123220209
123220312
123220423
123220357
123220387
123223559
123223640
123220381
123220358
123223574
123223590
123223790
123223834
123220370
123220372
123223572
123223646
123223663
123223681
123339069
