017303
017327
017328
017333
017363
017381
017393
017396
017411
017430
017437
017441
017474
017478
017479
017483
017501
017508
017554
017586
017592
017601
017612
017620
017641
017656
017662
017714
017750
017769
017777
017821
017822
017828
017829
017838
017874
017879
017911
017929
017942
017958
017959
017964
017981
017994
017997
018021
018043
018060
018062
018066
018073
018080
018081
018101
018103
018106
018113
018126
018133
018142
018150
018152
018162
018176
018208
018214
018236
018243
018248
018254
018259
018260
018267
018274
018286
018293
018318
018328
018344
018347
018348
018351
018359
018369
018377
018383
018390
018398
018429
018451
018472
018484
018505
018532
018554
018584
018586
018589
018604
018607
018614
018624
018637
018639
018648
018651
018658
018662
018663
018674
018682
018692
018702
018708
018719
018745
018754
018762
018763
018774
018776
018804
018810
018812
018814
018823
018835
018843
018854
018855
018871
018882
018884
018886
018887
018902
018906
018913
018914
018929
018934
018940
018951
018956
018960
018965
018966
018980
018991
018998
019012
019016
019020
019033
019046
019051
019065
019066
019070
019077
019078
019096
019097
019100
019121
019137
019156
019160
019164
019165
019166
019200
019201
019207
019214
019217
019218
019228
019230
019235
019238
019239
019247
019248
019251
019252
019263
019266
019293
019298
019307
019310
019312
019328
019334
019344
019356
019363
019366
019374
019375
019385
019404
019434
019454
019458
019469
019471
019491
019496
019506
019514
019522
019526
019529
019538
019551
019556
019557
019575
019581
019600
019616
019627
019633
019639
019640
019646
019650
019662
019694
019705
019706
019725
019735
019745
019771
019784
019793
019800
019813
019823
019826
019830
019833
019835
019841
019850
019861
019871
019873
019875
019876
019880
019881
019883
019886
019887
019911
019921
019924
019927
019930
019934
019936
019940
019947
019953
019955
019962
019965
019971
019972
019976
019984
019985
019992
019998
019999
020007
020009
020029
020030
020037
020041
020064
020071
020072
020107
020138
020141
020159
020162
020182
020185
020188
020190
020191
020198
020216
020241
020246
020287
020308
020313
020326
020386
020393
020394
020395
020410
020414
020417
020421
020422
020423
020432
020434
020439
020440
020447
020448
020451
020456
020474
020483
020490
020508
020510
020512
020514
020519
020521
020523
020527
020548
020550
020556
020557
020563
020581
020585
020610
020622
020626
020628
020631
020644
020654
020655
020670
020684
020693
020696
020700
020701
020704
020739
020745
020746
020770
020773
020775
020779
020793
020806
020819
020836
020840
020842
020850
020874
020875
020911
020913
020931
020941
020969
020974
020983
020993
021000
021004
021008
021012
021022
021030
021032
021043
021052
021087
021102
021103
021110
021119
021122
021128
021130
021145
021187
021199
021201
021207
021222
021255
021267
021270
021278
021298
021327
021340
021349
021350
021365
021372
021414
021415
021416
021422
021426
021429
021432
021433
021434
021440
021441
021442
021451
021463
021464
021474
021476
021477
021481
021499
021500
021512
021518
021519
021531
021533
021537
021538
021547
021560
021582
021588
021603
021612
021613
021618
021630
021631
021641
021653
021654
021661
021667
021681
021689
021690
021692
021705
021711
021715
021721
021726
021728
021737
021742
021748
021755
021762
021775
021781
021786
021836
021840
021845
021848
021854
021858
021859
021879
021890
021899
021908
021917
021927
021940
021945
021949
021954
021957
021961
021964
021969
021972
021975
021981
021989
021992
022027
022034
022035
022039
022053
022100
022106
022180
022195
022196
022200
022203
022209
022210
022225
022229
022233
022244
022248
022251
022258
022259
022287
022289
022290
022310
022331
022335
022340
022352
022366
022378
022380
022386
022393
022398
022421
022427
022436
022487
022493
022506
022507
022520
022521
022531
022533
022579
022590
022599
022605
022606
022617
022620
022628
022636
022639
022648
022654
022659
022660
022697
022705
022723
022725
022727
022736
022738
022742
022746
022756
022763
022782
022799
022821
022823
022824
022830
022850
022874
022880
022881
022885
022900
022905
022908
022917
022918
022927
022940
022946
022961
022962
022971
022978
023013
023016
023053
023067
023072
023074
023079
023082
023092
023100
023101
023114
023125
023128
023131
023135
023148
023157
023200
023206
023233
023234
023254
023267
023271
023285
023289
023294
023316
023319
023321
023338
023341
023351
023402
023419
023426
023432
023434
023436
023455
023457
023458
023463
023471
023490
023498
023514
023515
023524
023541
023556
023564
023565
023576
023598
023605
023615
023624
023630
023632
023638
023641
023648
023649
023652
023653
023663
023670
023677
023686
023698
023713
023721
023732
023736
023737
023747
023748
023753
023770
023771
023796
023805
023806
023835
023843
023852
023854
023858
023861
023866
023875
023895
023896
023915
023918
023939
023953
023957
023962
023975
023976
023990
024006
024025
024026
024028
024032
024054
024063
024071
024083
024102
024105
024116
024132
024153
024156
024160
024181
024184
024185
024191
024192
024197
024198
024203
024207
024208
024209
024218
024222
024232
024239
024258
024276
024282
024284
024285
024291
024296
024302
024313
024315
024316
024321
024329
024333
024349
024352
024359
024362
024411
024431
024442
024445
024458
024466
024472
024493
024516
024524
024525
024530
024545
024564
024574
024585
024590
024592
024596
024602
024613
024626
024630
024636
024662
024665
024682
024701
024715
024722
024727
024737
024743
024759
024792
024798
024802
024809
024813
024819
024824
024827
024830
024834
024837
024844
024850
024857
024860
024866
024869
024875
024885
024909
024919
024921
024922
024925
024945
024955
024969
024987
024998
024999
025005
025008
025011
025024
025036
025041
025050
025062
025075
025080
025088
025090
025105
025111
025113
025121
025130
025132
025147
025154
025165
025166
025169
025215
025246
025254
025259
025264
025286
025294
025300
025308
025311
025316
025328
025362
025364
025367
025377
025381
025393
025400
025412
025422
025436
025446
025449
025456
025460
025461
025494
025497
025503
025515
025518
025526
025529
025538
025541
025543
025547
025607
025619
025620
025626
025636
025653
025674
025678
025680
025692
025696
025703
025704
025711
025722
025737
025775
025785
025801
025809
025816
025822
025823
025831
025848
025852
025864
025873
025874
025887
025895
025900
025930
025939
025946
025953
025965
025968
025971
025983
025988
025989
025994
026002
026011
026019
026036
026061
026065
026071
026074
026079
026088
026095
026102
026104
026107
026127
026132
026148
026169
026182
026193
026200
026265
026270
026275
026283
026286
026287
026292
026310
026311
026322
026323
026331
026341
026345
026360
026364
026370
026383
026389
026390
026393
026395
026404
026406
026407
026414
026421
026436
026442
026455
026462
026464
026474
026483
026508
026513
026526
026535
026543
026545
026561
026573
026580
026592
026599
026643
026660
026688
026703
026710
026714
026718
026733
026747
026751
026755
026766
026769
026773
026781
026788
026800
026803
026809
026814
026826
026827
026832
026836
026839
026860
026864
026887
026912
026915
026919
026936
026968
026990
027007
027008
027016
027019
027020
027027
027029
027031
027037
027038
027043
027044
027056
027059
027069
027091
027093
027097
027104
027106
027108
027112
027125
027126
027142
027144
027148
027149
027164
027177
027186
027207
027217
027230
027236
027251
027257
027262
027287
027309
027335
027353
027361
027362
027365
027366
027371
027382
027389
027400
027401
027427
027429
027447
027449
027469
027480
027494
027507
027508
027519
027522
027523
027532
027533
027535
027546
027559
027560
027563
027578
027579
027582
027583
027589
027591
027597
027631
027638
027684
027691
027693
027695
027712
027713
027714
027727
027730
027742
027764
027765
027774
027784
027795
027799
027808
027817
027826
027831
027842
027843
027849
027853
027857
027864
027872
027880
027883
027885
027906
027913
027920
027927
027935
027947
027954
027959
027967
027976
027978
027993
028015
028017
028023
028047
028062
028065
028077
028098
028101
028102
028109
028113
028128
028159
028163
028166
028172
028176
028187
028189
028190
028209
028215
028229
028235
028244
028258
028262
028288
028302
028304
028319
028323
028335
028341
028342
028349
028365
028383
028387
028390
028394
028406
028438
028451
028454
028460
028463
028467
028473
028479
028497
028503
028532
028533
028554
028561
028566
028573
028608
028609
028610
028618
028635
028666
028669
028677
028685
028709
028728
028738
028747
028755
028780
028788
028794
028802
028804
028831
028847
028859
028869
028870
028879
028885
028892
028895
028915
028921
028947
028985
028993
028998
029007
029028
029030
029036
029047
029057
029059
029061
029070
029072
029078
029083
029091
029095
029099
029101
029109
029110
029122
029123
029162
029174
029179
029181
029185
029187
029193
029197
029204
029209
029216
029220
029257
029261
029270
029271
029276
029284
029291
029317
029332
029340
029359
029374
029380
029381
029387
029394
029396
029397
029398
029405
029409
029419
029434
029439
029446
029450
029456
029457
029469
029489
029493
029495
029496
029498
029509
029513
029534
029536
029538
029543
029545
029559
029561
029562
029565
029569
029581
029585
029595
029607
029653
029656
029669
029682
029696
029710
029713
029723
029725
029729
029730
029738
029742
029745
029747
029754
029762
029772
029775
029783
029795
029798
029810
029817
029829
029846
029875
029888
029896
029908
029963
029966
029971
029975
029983
029984
029996
030027
030040
030045
030063
030066
030093
030102
030114
030125
030163
030171
030209
030238
030250
030251
030262
030275
030297
030322
030333
030346
030359
030371
030400
030405
030408
030411
030412
030418
030425
030455
030464
030480
030488
030492
030494
030503
030528
030533
030540
030550
030557
030558
030561
030562
030569
030587
030589
030599
030653
030664
030669
030692
030693
030706
030722
030758
030769
030822
030833
030834
030843
030850
030870
030879
030881
030896
030903
030905
030911
030931
030935
030958
030970
030971
030972
031000
031016
031018
031019
031026
031045
031083
031119
031122
031138
031151
031153
031155
031159
031165
031176
031189
031195
031200
031215
086953
087011
087132
087202
087207
087247
087284
087369
087457
017276
017280
017283
017296
017304
017321
017337
017357
017371
017387
017391
017392
017493
017496
017528
017536
017600
017603
017638
017666
017684
017685
017690
017696
017702
017716
017732
017734
017765
017773
017780
017850
017861
017868
017870
017885
017887
017897
017898
017900
017919
017948
017986
017988
018005
018010
018059
018089
018105
018107
018127
018128
018140
018166
018167
018189
018193
018196
018200
018207
018213
018222
018232
018240
018244
018253
018316
018327
018366
018384
018393
018434
018439
018458
018468
018483
018507
018522
018524
018531
018548
018553
018559
018605
018629
018643
018655
018671
018691
018703
018706
018716
018769
018819
018847
018851
018860
018862
018880
018896
018918
018922
019002
019008
019013
019037
019059
019076
019084
019101
019124
019145
019154
019175
019184
019189
019191
019195
019197
019199
019225
019227
019257
019261
019271
019279
019315
019406
019431
019452
019483
019484
019537
019559
019588
019602
019628
019644
019685
019721
019724
019742
019760
019767
019779
019780
019795
019797
019803
019804
019816
019832
019834
019845
019857
019865
019869
019884
019885
019899
019918
019926
019942
019948
019980
020000
020014
020040
020050
020055
020068
020115
020129
020181
020193
020204
020220
020252
020265
020293
020294
020309
020318
020342
020346
020355
020366
020398
020418
020420
020493
020500
020504
020522
020525
020528
020565
020587
020599
020613
020629
020636
020637
020645
020650
020724
020735
020753
020785
020796
020855
020859
020866
020879
020885
020893
020923
020950
020951
021025
021028
021058
021062
021066
021067
021072
021085
021088
021096
021115
021138
021146
021159
021211
021226
021227
021229
021242
021295
021310
021311
021315
021316
021324
021331
021339
021342
021353
021364
021375
021398
021410
021417
021428
021446
021447
021448
021457
021465
021486
021492
021498
021545
021558
021563
021564
021567
021572
021575
021585
021617
021625
021638
021651
021659
021669
021714
021717
021722
021745
021777
021787
021793
021797
021801
021804
021847
021863
021883
021911
021913
021923
021929
021946
021963
021995
022030
022059
022072
022095
022118
022129
022156
022164
022174
022179
022188
022192
022193
022253
022266
022271
022298
022305
022308
022313
022377
022379
022425
022446
022464
022501
022517
022530
022556
022562
022595
022619
022631
022632
022652
022679
022684
022706
022711
022739
022749
022755
022781
022788
022791
022792
022796
022853
022857
022872
022945
022956
022970
022987
023001
023040
023065
023090
023091
023104
023108
023132
023137
023141
023147
023167
023178
023196
023209
023210
023236
023238
023251
023269
023270
023329
023339
023371
023377
023381
023389
023390
023403
023439
023444
023491
023501
023503
023531
023538
023546
023558
023584
023647
023689
023697
023712
023738
023746
023755
023774
023811
023822
023856
023901
023903
023943
023944
024034
024046
024069
024089
024090
024098
024103
024128
024139
024196
024231
024236
024262
024269
024278
024279
024317
024347
024353
024367
024379
024383
024386
024393
024397
024406
024413
024429
024475
024490
024502
024506
024527
024552
024561
024591
024601
024609
024611
024618
024620
024621
024667
024670
024672
024683
024703
024712
024742
024752
024756
024760
024807
024808
024816
024831
024843
024848
024861
024865
024904
024912
024931
024933
024939
024948
024966
024967
024978
024979
024992
024994
025012
025014
025033
025035
025082
025098
025109
025127
025129
025131
025139
025143
025145
025170
025181
025205
025218
025247
025260
025267
025274
025285
025289
025303
025341
025352
025358
025360
025363
025375
025413
025421
025434
025448
025452
025455
025469
025483
025486
025489
025490
025501
025513
025514
025534
025546
025548
025561
025578
025589
025594
025609
025612
025618
025633
025651
025668
025670
025714
025718
025734
025738
025745
025772
025784
025791
025834
025844
025851
025857
025871
025920
025926
025949
025973
025980
026083
026091
026098
026106
026114
026162
026175
026181
026194
026229
026230
026236
026237
026248
026249
026254
026272
026306
026327
026335
026371
026387
026416
026439
026443
026446
026470
026473
026478
026499
026507
026529
026565
026572
026609
026611
026617
026649
026665
026681
026691
026694
026722
026723
026730
026731
026737
026777
026782
026787
026811
026825
026834
026847
026854
026875
026883
026897
026898
026937
026955
026981
026995
027011
027066
027073
027096
027143
027172
027219
027225
027247
027250
027269
027274
027276
027277
027278
027283
027294
027295
027402
027430
027457
027467
027470
027473
027474
027489
027496
027499
027516
027521
027524
027590
027593
027599
027619
027621
027629
027637
027662
027696
027697
027699
027739
027743
027773
027775
027776
027781
027788
027797
027810
027812
027813
027859
027861
027867
027896
027922
027936
027944
027952
027957
027964
027968
027972
028054
028057
028061
028081
028096
028099
028129
028130
028160
028169
028173
028178
028179
028211
028214
028224
028257
028291
028300
028329
028340
028361
028362
028373
028381
028401
028426
028427
028449
028456
028487
028489
028491
028513
028522
028540
028543
028584
028599
028659
028665
028674
028683
028704
028730
028734
028762
028771
028773
028774
028784
028787
028791
028823
028824
028840
028841
028858
028874
028942
028953
028956
028964
028968
029001
029015
029016
029060
029080
029081
029114
029144
029156
029175
029177
029190
029229
029231
029236
029243
029368
029369
029410
029417
029421
029426
029431
029435
029444
029449
029452
029453
029454
029459
029473
029474
029477
029512
029530
029596
029597
029610
029619
029629
029649
029662
029678
029692
029695
029699
029719
029737
029756
029757
029788
029807
029852
029854
029985
029987
029998
030004
030016
030020
030021
030097
030098
030113
030129
030154
030172
030189
030224
030234
030263
030274
030301
030304
030315
030335
030336
030347
030356
030420
030427
030435
030448
030461
030465
030496
030508
030517
030541
030544
030576
030596
030601
030602
030618
030643
030670
030677
030689
030696
030721
030743
030747
030748
030771
030783
030809
030817
030890
030936
030991
031011
031014
031043
031049
031067
031089
031105
031117
031125
031127
031133
031174
031188
031198
086752
086756
086882
086958
087414
087417
017248
017249
017250
017251
017253
017255
017257
017258
017260
017261
017262
017270
017272
017277
017278
017279
017285
017286
017290
017293
017294
017295
017297
017298
017299
017300
017301
017306
017308
017311
017315
017316
017319
017320
017322
017324
017329
017332
017335
017338
017342
017343
017344
017347
017349
017350
017351
017352
017355
017358
017360
017361
017362
017364
017374
017376
017378
017384
017388
017390
017399
017400
017401
017405
017408
017409
017413
017414
017415
017416
017417
017420
017422
017425
017431
017432
017438
017440
017445
017447
017448
017449
017451
017454
017455
017462
017463
017468
017476
017484
017488
017489
017491
017495
017498
017500
017505
017510
017511
017514
017516
017519
017521
017523
017524
017527
017530
017535
017538
017539
017541
017544
017549
017556
017558
017559
017561
017562
017565
017569
017577
017580
017581
017582
017585
017587
017593
017594
017595
017597
017613
017618
017619
017621
017622
017623
017626
017629
017630
017632
017635
017637
017643
017645
017647
017655
017660
017661
017664
017674
017676
017680
017681
017686
017687
017692
017694
017695
017698
017699
017700
017709
017710
017712
017713
017717
017725
017727
017731
017736
017742
017743
017745
017754
017759
017760
017761
017762
017770
017782
017784
017785
017790
017791
017792
017799
017800
017801
017802
017808
017811
017816
017817
017820
017823
017830
017839
017842
017848
017851
017862
017863
017864
017865
017871
017873
017878
017881
017883
017884
017886
017891
017892
017896
017899
017904
017906
017907
017922
017923
017925
017927
017928
017930
017931
017932
017933
017935
017936
017937
017943
017951
017952
017957
017961
017962
017963
017965
017967
017969
017970
017971
017972
017974
017980
017985
017989
017990
017996
018001
018006
018013
018015
018016
018017
018019
018020
018022
018024
018027
018028
018030
018032
018037
018040
018046
018048
018049
018050
018053
018056
018057
018058
018065
018067
018068
018070
018075
018082
018090
018093
018097
018098
018102
018110
018116
018117
018123
018134
018135
018139
018141
018143
018151
018153
018156
018158
018159
018164
018165
018170
018173
018175
018181
018183
018184
018190
018194
018195
018197
018209
018212
018215
018216
018217
018218
018219
018221
018228
018237
018238
018255
018256
018257
018261
018262
018266
018268
018271
018278
018283
018291
018292
018294
018297
018298
018300
018302
018306
018310
018311
018314
018315
018317
018320
018321
018324
018331
018332
018334
018354
018356
018368
018370
018373
018374
018376
018380
018382
018389
018391
018394
018395
018396
018404
018407
018411
018412
018413
018416
018419
018421
018425
018432
018435
018438
018440
018442
018444
018445
018446
018449
018452
018455
018456
018466
018467
018470
018480
018482
018487
018492
018493
018510
018511
018512
018516
018518
018521
018523
018539
018541
018542
018544
018545
018550
018552
018555
018556
018558
018563
018565
018569
018572
018578
018587
018588
018592
018595
018597
018599
018603
018606
018612
018620
018621
018626
018627
018633
018641
018642
018645
018650
018653
018669
018672
018679
018680
018684
018690
018695
018696
018697
018699
018709
018710
018712
018713
018717
018721
018724
018726
018727
018736
018739
018750
018758
018766
018771
018780
018781
018788
018791
018796
018801
018805
018807
018821
018825
018828
018829
018830
018834
018836
018837
018846
018853
018857
018863
018865
018866
018868
018877
018878
018879
018885
018888
018889
018894
018897
018898
018904
018905
018911
018912
018919
018921
018924
018928
018930
018933
018935
018938
018942
018943
018944
018947
018952
018954
018955
018961
018963
018964
018973
018974
018981
018982
018983
018984
018985
018999
019010
019015
019019
019022
019023
019025
019026
019028
019029
019030
019035
019042
019048
019054
019061
019064
019068
019081
019082
019085
019091
019094
019095
019099
019102
019103
019112
019113
019125
019131
019132
019142
019148
019151
019153
019158
019163
019169
019171
019174
019177
019181
019187
019192
019198
019202
019205
019219
019221
019222
019223
019224
019232
019237
019242
019243
019246
019259
019264
019270
019272
019290
019295
019301
019306
019313
019331
019336
019345
019354
019355
019357
019361
019362
019368
019371
019378
019382
019384
019387
019393
019394
019397
019398
019401
019402
019407
019408
019411
019415
019417
019419
019426
019432
019435
019436
019445
019446
019450
019457
019462
019463
019465
019466
019474
019476
019481
019487
019488
019489
019499
019507
019511
019517
019528
019530
019531
019536
019548
019549
019552
019554
019555
019564
019565
019566
019569
019576
019577
019579
019582
019583
019587
019592
019594
019598
019615
019620
019623
019624
019626
019629
019635
019637
019638
019649
019652
019654
019657
019658
019665
019667
019668
019672
019673
019681
019683
019684
019688
019695
019696
019702
019707
019716
019717
019718
019720
019726
019727
019730
019732
019737
019739
019741
019744
019749
019753
019757
019769
019773
019777
019789
019790
019792
019798
019801
019802
019809
019810
019811
019812
019820
019821
019822
019829
019838
019851
019854
019856
019859
019867
019870
019882
019895
019902
019912
019919
019922
019923
019931
019946
019952
019956
019964
019967
019968
019969
019974
019979
019982
019991
019993
019995
019996
020002
020005
020006
020010
020017
020024
020026
020027
020034
020035
020039
020042
020045
020048
020054
020057
020058
020070
020074
020076
020082
020091
020092
020096
020097
020104
020105
020109
020121
020122
020126
020127
020128
020137
020144
020147
020148
020149
020153
020160
020161
020165
020166
020170
020172
020175
020186
020201
020202
020211
020213
020215
020219
020229
020231
020234
020236
020237
020245
020247
020250
020251
020257
020264
020267
020270
020274
020276
020278
020280
020286
020291
020299
020304
020307
020312
020319
020321
020324
020333
020335
020340
020341
020345
020351
020357
020359
020361
020364
020368
020376
020379
020380
020381
020382
020383
020385
020389
020390
020391
020392
020397
020400
020406
020415
020429
020436
020437
020449
020455
020468
020472
020473
020480
020481
020485
020492
020497
020501
020502
020505
020506
020520
020524
020531
020547
020552
020553
020560
020561
020567
020568
020570
020571
020575
020578
020579
020584
020588
020596
020600
020608
020618
020634
020638
020641
020642
020643
020647
020649
020653
020662
020664
020665
020669
020673
020676
020677
020679
020683
020685
020686
020687
020709
020711
020714
020718
020720
020727
020729
020741
020742
020750
020755
020756
020758
020759
020760
020763
020764
020782
020786
020787
020792
020797
020808
020813
020816
020818
020820
020822
020825
020834
020835
020837
020844
020847
020853
020854
020864
020869
020870
020872
020873
020876
020877
020883
020886
020894
020895
020897
020898
020899
020906
020908
020912
020927
020930
020938
020940
020947
020964
020971
020979
020985
020992
020995
020998
021002
021009
021020
021021
021023
021027
021029
021037
021038
021042
021044
021047
021051
021055
021059
021061
021070
021074
021083
021091
021092
021094
021099
021100
021104
021105
021106
021111
021112
021114
021118
021121
021123
021127
021133
021136
021141
021143
021151
021155
021164
021172
021174
021176
021178
021179
021189
021191
021194
021195
021196
021197
021200
021204
021216
021217
021220
021221
021236
021240
021241
021244
021262
021264
021269
021276
021279
021287
021289
021291
021292
021307
021314
021325
021332
021335
021337
021344
021347
021351
021356
021357
021359
021360
021361
021371
021379
021386
021395
021397
021408
021419
021423
021427
021430
021431
021438
021443
021449
021452
021454
021455
021470
021472
021478
021479
021484
021488
021491
021502
021505
021506
021508
021509
021510
021511
021516
021521
021524
021527
021529
021532
021536
021539
021546
021548
021550
021553
021554
021561
021569
021580
021583
021589
021590
021596
021600
021601
021609
021610
021614
021615
021616
021621
021622
021624
021627
021628
021629
021635
021636
021646
021650
021657
021671
021676
021677
021683
021687
021688
021691
021710
021718
021734
021743
021746
021750
021751
021754
021757
021758
021768
021774
021784
021785
021803
021809
021815
021816
021826
021838
021849
021853
021862
021864
021867
021870
021872
021881
021887
021889
021894
021895
021905
021906
021915
021920
021928
021931
021935
021939
021952
021953
021959
021967
021970
021971
021985
021986
021990
021993
021996
021997
021998
021999
022006
022007
022011
022018
022020
022021
022022
022026
022029
022042
022046
022048
022055
022063
022066
022075
022090
022099
022101
022102
022109
022110
022115
022116
022119
022123
022126
022127
022128
022134
022136
022146
022159
022161
022176
022177
022181
022186
022187
022190
022207
022216
022223
022227
022236
022237
022242
022245
022252
022265
022270
022274
022276
022282
022283
022286
022291
022296
022297
022299
022307
022315
022316
022317
022318
022322
022325
022329
022332
022334
022344
022349
022351
022355
022361
022363
022367
022368
022370
022371
022381
022388
022391
022400
022401
022405
022407
022408
022410
022411
022418
022420
022426
022428
022430
022431
022434
022441
022442
022444
022445
022451
022453
022465
022469
022474
022488
022495
022499
022504
022508
022513
022518
022523
022528
022534
022541
022543
022545
022555
022558
022559
022560
022561
022563
022564
022567
022570
022574
022577
022582
022589
022592
022594
022597
022604
022609
022613
022618
022621
022625
022626
022656
022662
022667
022672
022674
022675
022677
022678
022680
022690
022691
022708
022710
022718
022720
022722
022728
022734
022753
022759
022764
022768
022774
022776
022777
022786
022789
022798
022804
022805
022807
022816
022819
022822
022827
022828
022835
022838
022840
022843
022844
022845
022847
022851
022852
022860
022861
022862
022865
022867
022875
022876
022879
022892
022899
022906
022909
022919
022920
022929
022948
022953
022959
022969
022980
022981
022986
022989
022992
022995
022996
023003
023004
023005
023019
023021
023022
023031
023042
023046
023047
023050
023052
023054
023055
023060
023070
023075
023083
023089
023095
023103
023111
023112
023116
023123
023133
023136
023149
023156
023160
023164
023168
023170
023172
023173
023187
023191
023199
023203
023204
023205
023215
023216
023217
023220
023226
023227
023228
023231
023232
023243
023244
023245
023246
023253
023255
023258
023259
023268
023275
023277
023280
023284
023291
023297
023299
023303
023304
023305
023307
023312
023331
023344
023347
023352
023353
023360
023367
023374
023386
023387
023388
023395
023401
023404
023412
023421
023422
023429
023433
023437
023454
023460
023469
023473
023481
023493
023496
023502
023512
023522
023526
023527
023537
023539
023544
023545
023552
023560
023561
023566
023567
023571
023577
023583
023595
023600
023602
023614
023635
023637
023646
023650
023654
023655
023657
023659
023665
023667
023668
023671
023673
023674
023694
023706
023718
023719
023725
023727
023730
023742
023743
023745
023751
023752
023757
023761
023763
023778
023783
023784
023794
023797
023828
023829
023833
023834
023836
023874
023883
023912
023917
023934
023940
023942
023945
023949
023958
023964
023965
023966
023967
023971
023973
023978
023987
023988
023994
024007
024019
024020
024023
024037
024040
024041
024048
024051
024053
024057
024065
024077
024081
024094
024097
024104
024113
024114
024121
024130
024133
024138
024151
024154
024155
024158
024159
024163
024164
024180
024186
024188
024189
024214
024219
024221
024240
024246
024248
024267
024268
024273
024286
024288
024290
024300
024310
024320
024323
024330
024331
024335
024338
024340
024341
024345
024364
024369
024370
024371
024374
024382
024385
024388
024394
024402
024404
024424
024428
024432
024455
024459
024461
024467
024469
024473
024474
024477
024483
024496
024498
024501
024505
024539
024546
024547
024548
024549
024558
024565
024567
024572
024578
024580
024581
024600
024605
024607
024608
024614
024615
024616
024622
024628
024634
024637
024643
024651
024652
024655
024660
024663
024680
024686
024688
024709
024711
024714
024720
024724
024728
024729
024733
024761
024766
024775
024799
024804
024806
024812
024822
024833
024835
024836
024841
024854
024859
024883
024886
024893
024894
024897
024900
024906
024908
024929
024937
024938
024940
024942
024946
024947
024950
024959
024964
024972
024982
024984
024985
024993
025001
025002
025006
025016
025020
025022
025046
025047
025051
025057
025061
025074
025079
025083
025091
025097
025099
025110
025117
025137
025141
025148
025153
025159
025182
025186
025187
025191
025196
025198
025202
025204
025206
025209
025211
025217
025221
025224
025229
025231
025234
025235
025241
025244
025248
025257
025271
025272
025273
025275
025281
025282
025287
025290
025292
025295
025298
025319
025322
025329
025331
025337
025339
025342
025344
025348
025350
025359
025366
025380
025382
025384
025386
025387
025388
025398
025399
025401
025407
025415
025420
025423
025424
025458
025464
025465
025485
025488
025495
025500
025508
025525
025527
025528
025533
025535
025539
025542
025552
025554
025579
025586
025599
025605
025622
025623
025628
025639
025640
025641
025642
025643
025656
025663
025672
025679
025684
025690
025705
025707
025709
025726
025731
025741
025752
025760
025767
025776
025788
025794
025795
025829
025830
025842
025861
025870
025881
025882
025889
025890
025891
025894
025912
025924
025940
025942
025977
025982
025984
025986
025990
026001
026006
026022
026029
026031
026047
026052
026055
026057
026069
026078
026085
026099
026108
026115
026116
026125
026138
026143
026153
026158
026184
026191
026195
026197
026206
026207
026212
026219
026221
026222
026224
026225
026226
026234
026250
026259
026264
026266
026269
026289
026293
026299
026301
026308
026315
026318
026320
026325
026351
026356
026369
026378
026384
026388
026402
026405
026410
026413
026419
026424
026430
026431
026437
026441
026448
026454
026471
026475
026490
026504
026509
026510
026517
026518
026524
026532
026540
026548
026553
026559
026567
026590
026594
026601
026605
026613
026619
026620
026630
026632
026637
026652
026668
026678
026683
026695
026701
026702
026708
026711
026716
026719
026729
026735
026745
026746
026757
026759
026762
026765
026768
026771
026772
026792
026798
026816
026820
026841
026865
026885
026886
026892
026894
026896
026900
026913
026939
026941
026942
026944
026948
026949
026953
026956
026984
026989
027003
027014
027017
027021
027032
027039
027057
027060
027067
027070
027080
027100
027114
027115
027123
027129
027138
027151
027154
027160
027179
027189
027192
027196
027205
027212
027213
027232
027234
027238
027242
027243
027248
027280
027286
027298
027301
027307
027326
027340
027359
027364
027379
027392
027403
027408
027413
027419
027440
027443
027445
027446
027459
027461
027477
027484
027486
027490
027492
027497
027514
027520
027538
027547
027549
027572
027587
027588
027602
027605
027613
027628
027640
027655
027660
027674
027675
027678
027683
027701
027709
027710
027721
027772
027783
027800
027807
027828
027834
027845
027848
027866
027870
027889
027892
027894
027907
027908
027910
027912
027925
027930
027934
027942
027949
027951
027956
027962
027971
027983
027989
027991
028010
028024
028028
028030
028032
028050
028052
028060
028064
028066
028073
028084
028090
028106
028108
028131
028132
028133
028136
028142
028143
028145
028147
028150
028151
028153
028158
028164
028168
028191
028195
028203
028206
028219
028233
028245
028259
028267
028271
028275
028282
028283
028290
028294
028303
028308
028314
028317
028326
028327
028332
028358
028359
028369
028372
028376
028380
028393
028398
028399
028418
028425
028432
028437
028458
028462
028465
028486
028495
028501
028502
028507
028508
028515
028516
028530
028544
028556
028559
028560
028568
028575
028582
028594
028601
028605
028611
028625
028639
028642
028651
028652
028662
028664
028675
028679
028696
028700
028715
028721
028735
028739
028752
028753
028761
028763
028777
028798
028811
028813
028826
028832
028833
028837
028839
028845
028852
028857
028862
028867
028881
028891
028902
028905
028911
028949
028950
028955
028961
029008
029011
029022
029025
029043
029056
029063
029076
029085
029117
029145
029148
029152
029164
029167
029168
029202
029208
029213
029218
029228
029245
029252
029253
029254
029258
029278
029282
029285
029287
029288
029305
029318
029319
029321
029322
029323
029329
029331
029338
029400
029413
029423
029445
029470
029481
029482
029494
029502
029504
029519
029522
029523
029524
029526
029531
029553
029558
029560
029584
029602
029603
029615
029630
029631
029644
029657
029659
029681
029685
029691
029700
029717
029739
029748
029753
029759
029761
029774
029785
029797
029811
029822
029826
029833
029855
029859
029887
029894
029923
029927
029939
029940
029942
029945
029955
029956
029959
029977
029978
029991
029993
029997
030034
030046
030056
030061
030064
030067
030087
030105
030106
030133
030151
030167
030168
030207
030228
030242
030248
030267
030272
030280
030281
030282
030290
030293
030295
030325
030339
030340
030352
030353
030358
030365
030404
030428
030430
030440
030445
030473
030482
030502
030510
030511
030527
030530
030535
030539
030545
030556
030568
030570
030572
030583
030604
030605
030612
030615
030625
030636
030639
030652
030662
030691
030694
030695
030701
030705
030716
030742
030755
030762
030794
030796
030816
030827
030831
030837
030848
030856
030864
030886
030888
030899
030902
030925
030929
030944
030946
030954
030955
030959
030960
030961
030964
030969
030973
030976
030977
030988
030997
031007
031017
031030
031035
031047
031048
031059
031108
031167
031169
031196
031197
031203
031217
086829
086981
086990
087079
087082
087168
087172
087432
017267
017273
017291
017305
017309
017331
017345
017354
017359
017367
017379
017383
017394
017395
017402
017423
017436
017460
017469
017482
017497
017506
017509
017529
017531
017534
017546
017575
017602
017617
017625
017627
017634
017652
017659
017665
017667
017668
017679
017688
017697
017706
017707
017721
017722
017726
017728
017737
017749
017778
017786
017789
017803
017806
017810
017831
017833
017834
017846
017847
017855
017858
017888
017889
017905
017939
017944
017947
017960
017966
017973
017983
018000
018003
018009
018039
018047
018054
018074
018087
018092
018111
018112
018122
018172
018177
018178
018182
018188
018191
018201
018234
018272
018276
018279
018309
018319
018322
018330
018341
018345
018358
018371
018385
018388
018403
018405
018414
018433
018447
018459
018464
018465
018474
018485
018490
018494
018498
018502
018506
018519
018525
018561
018573
018574
018579
018591
018600
018615
018631
018640
018660
018666
018676
018741
018746
018749
018765
018779
018790
018798
018799
018800
018813
018858
018859
018874
018876
018883
018916
018945
018950
018953
018959
018967
018970
018978
018986
018989
018990
019000
019005
019055
019056
019067
019073
019088
019089
019104
019107
019115
019117
019118
019119
019129
019141
019161
019183
019185
019213
019236
019240
019255
019258
019282
019286
019287
019300
019308
019338
019341
019348
019349
019367
019370
019372
019373
019377
019386
019389
019392
019410
019420
019421
019433
019449
019475
019482
019546
019550
019572
019584
019593
019608
019625
019642
019648
019653
019656
019659
019670
019678
019679
019680
019698
019700
019708
019710
019715
019728
019747
019752
019756
019761
019766
019770
019781
019796
019814
019827
019840
019843
019846
019860
019872
019879
019897
019900
019909
019915
019916
019925
019928
019935
019937
019938
019945
019954
019977
019997
020001
020022
020023
020028
020046
020052
020053
020059
020065
020066
020067
020078
020086
020102
020110
020118
020132
020139
020157
020183
020194
020196
020200
020209
020226
020233
020243
020269
020271
020284
020323
020332
020339
020353
020362
020372
020373
020374
020388
020401
020402
020403
020413
020428
020441
020457
020460
020467
020471
020482
020491
020515
020569
020574
020577
020583
020597
020598
020603
020619
020624
020633
020635
020652
020656
020658
020672
020688
020694
020698
020705
020715
020747
020767
020771
020776
020778
020788
020790
020795
020839
020865
020909
020910
020916
020917
020924
020926
020935
020942
020948
020949
020965
020973
020977
021001
021011
021016
021018
021033
021034
021060
021069
021086
021142
021154
021160
021165
021169
021182
021209
021213
021218
021237
021239
021246
021251
021260
021273
021275
021280
021306
021321
021362
021377
021387
021389
021391
021409
021420
021435
021467
021485
021487
021503
021530
021535
021540
021556
021559
021562
021576
021579
021598
021644
021652
021666
021674
021684
021686
021693
021702
021732
021738
021739
021740
021756
021764
021773
021779
021792
021802
021813
021818
021823
021831
021852
021856
021860
021866
021874
021876
021882
021901
021934
021944
021977
022015
022016
022031
022052
022073
022077
022082
022083
022087
022091
022111
022132
022139
022151
022157
022197
022199
022215
022218
022220
022221
022226
022241
022247
022255
022263
022272
022280
022288
022309
022312
022323
022338
022359
022360
022375
022397
022399
022413
022429
022435
022456
022471
022472
022477
022490
022491
022502
022525
022526
022537
022550
022587
022603
022614
022615
022643
022647
022665
022676
022689
022704
022726
022732
022751
022760
022762
022773
022785
022793
022806
022811
022817
022820
022826
022846
022883
022886
022896
022910
022911
022913
022914
022922
022923
022924
022937
022939
022941
022942
022944
022949
022958
022972
022975
022977
022994
022997
023017
023024
023058
023069
023071
023073
023088
023099
023115
023139
023142
023165
023171
023188
023197
023207
023235
023262
023290
023313
023314
023323
023332
023358
023364
023366
023369
023382
023410
023411
023414
023438
023440
023443
023453
023479
023511
023519
023520
023547
023553
023555
023585
023587
023592
023599
023603
023616
023617
023619
023620
023625
023661
023669
023679
023701
023704
023716
023749
023764
023795
023801
023810
023839
023842
023846
023850
023864
023909
023910
023913
023947
023960
023983
023989
023998
023999
024002
024011
024012
024016
024017
024022
024033
024066
024067
024072
024106
024109
024111
024117
024134
024135
024195
024217
024230
024234
024242
024243
024247
024263
024289
024299
024304
024309
024322
024328
024342
024355
024357
024363
024372
024373
024377
024387
024391
024400
024405
024422
024425
024430
024434
024435
024441
024452
024457
024480
024489
024495
024510
024520
024550
024579
024594
024599
024646
024664
024668
024678
024698
024700
024708
024718
024723
024730
024745
024749
024751
024787
024810
024818
024821
024828
024839
024847
024870
024878
024889
024890
024903
024920
024927
024951
024952
024954
024960
024968
024973
024977
024983
024986
024988
024990
024997
025013
025017
025021
025042
025048
025067
025070
025081
025092
025094
025103
025116
025122
025126
025140
025158
025161
025164
025171
025177
025179
025192
025195
025210
025216
025238
025301
025302
025310
025340
025343
025349
025361
025376
025379
025416
025425
025426
025430
025437
025439
025444
025462
025466
025470
025473
025476
025484
025520
025531
025545
025549
025568
025572
025621
025624
025627
025629
025654
025658
025661
025669
025683
025693
025694
025697
025713
025716
025733
025739
025764
025778
025780
025781
025783
025790
025837
025843
025849
025855
025856
025858
025877
025893
025905
025919
025929
025935
025938
025960
025969
025976
025997
026018
026044
026046
026054
026056
026070
026086
026087
026097
026100
026105
026110
026130
026135
026144
026145
026151
026164
026168
026179
026192
026231
026235
026239
026245
026261
026274
026295
026296
026307
026309
026317
026319
026344
026349
026355
026375
026391
026426
026432
026463
026468
026476
026480
026482
026488
026495
026497
026503
026514
026531
026536
026546
026547
026549
026550
026556
026575
026582
026593
026598
026639
026642
026650
026658
026667
026677
026693
026700
026706
026712
026720
026796
026808
026817
026840
026855
026877
026888
026889
026911
026924
026926
026964
026985
026988
026998
026999
027006
027012
027013
027015
027022
027024
027035
027058
027063
027064
027065
027071
027072
027094
027095
027098
027101
027110
027121
027131
027145
027150
027156
027170
027182
027204
027210
027221
027227
027233
027241
027263
027268
027270
027272
027288
027304
027308
027310
027314
027319
027336
027342
027344
027346
027367
027368
027370
027376
027383
027385
027397
027409
027433
027435
027442
027450
027452
027463
027498
027509
027511
027525
027544
027551
027566
027569
027573
027586
027611
027614
027652
027668
027676
027679
027686
027702
027717
027732
027748
027750
027762
027793
027803
027805
027818
027833
027860
027875
027879
027909
027914
027919
027921
027940
027946
027961
027969
027970
027975
027979
027996
027998
028003
028005
028007
028016
028029
028033
028039
028040
028072
028085
028110
028111
028138
028148
028149
028155
028156
028162
028170
028174
028194
028216
028220
028240
028247
028248
028254
028264
028270
028281
028286
028287
028310
028321
028338
028345
028352
028363
028367
028368
028388
028391
028411
028412
028441
028447
028452
028457
028459
028464
028480
028483
028485
028488
028490
028494
028510
028576
028579
028591
028603
028613
028616
028619
028643
028647
028658
028660
028671
028686
028688
028694
028719
028725
028726
028737
028748
028749
028756
028767
028781
028782
028796
028814
028818
028851
028865
028866
028868
028888
028901
028908
028916
028924
028925
028932
028941
028945
028958
028965
028976
028989
029009
029046
029069
029075
029088
029096
029102
029112
029119
029125
029138
029153
029172
029176
029178
029189
029192
029201
029203
029206
029221
029240
029273
029274
029281
029296
029307
029330
029357
029363
029364
029373
029385
029388
029411
029420
029428
029440
029448
029478
029503
029517
029539
029568
029579
029587
029611
029623
029626
029647
029655
029668
029671
029689
029701
029731
029744
029746
029750
029751
029765
029777
029792
029821
029825
029835
029864
029869
029890
029899
029901
029904
029905
029910
029913
029920
029925
029932
029951
029961
029988
030007
030017
030024
030035
030037
030072
030076
030083
030101
030111
030120
030123
030131
030145
030148
030176
030177
030187
030195
030199
030206
030210
030215
030218
030247
030252
030271
030278
030288
030294
030302
030306
030329
030354
030360
030362
030382
030392
030398
030421
030424
030437
030474
030483
030486
030489
030498
030505
030512
030518
030520
030521
030531
030532
030549
030551
030552
030554
030573
030580
030629
030650
030663
030678
030708
030715
030718
030727
030728
030739
030757
030759
030770
030791
030801
030824
030828
030832
030840
030842
030861
030877
030892
030895
030897
030921
030939
030943
030957
030984
030986
031004
031065
031088
031095
031124
031126
031128
031129
031143
031145
031199
031202
031204
031210
031211
031216
086705
086796
086808
086834
086865
086879
086897
086914
086992
087195
087286
087318
087384
087428
017252
017259
017266
017274
017275
017282
017288
017314
017334
017340
017372
017373
017385
017397
017410
017418
017421
017428
017434
017439
017442
017443
017453
017456
017459
017461
017467
017471
017487
017504
017512
017513
017515
017517
017522
017532
017552
017563
017567
017571
017572
017574
017584
017588
017589
017590
017596
017606
017611
017624
017628
017631
017648
017653
017654
017671
017677
017678
017682
017683
017689
017693
017704
017718
017720
017733
017735
017741
017744
017746
017747
017748
017753
017755
017766
017771
017772
017774
017775
017779
017793
017794
017795
017804
017805
017835
017836
017837
017844
017849
017867
017877
017880
017890
017893
017894
017901
017909
017913
017916
017917
017920
017921
017924
017934
017940
017946
017949
017968
017975
017977
017978
017979
017987
017991
017992
017993
017995
018002
018004
018007
018008
018012
018014
018018
018023
018029
018034
018038
018044
018072
018076
018077
018086
018094
018096
018108
018119
018121
018136
018137
018138
018145
018146
018149
018154
018155
018163
018186
018192
018203
018205
018206
018229
018231
018233
018235
018239
018251
018252
018258
018264
018277
018280
018281
018287
018288
018299
018303
018304
018305
018312
018323
018329
018333
018337
018339
018340
018343
018350
018357
018360
018361
018365
018378
018381
018386
018387
018397
018400
018415
018417
018420
018423
018437
018450
018453
018457
018460
018463
018469
018486
018509
018513
018515
018517
018526
018527
018528
018530
018533
018535
018537
018540
018551
018560
018566
018568
018570
018571
018598
018610
018617
018618
018622
018623
018638
018644
018649
018659
018667
018668
018670
018688
018689
018693
018694
018704
018705
018720
018723
018729
018730
018731
018732
018735
018738
018742
018743
018744
018748
018751
018752
018753
018755
018757
018764
018770
018772
018773
018786
018787
018789
018794
018795
018797
018803
018806
018808
018820
018827
018831
018845
018848
018852
018856
018869
018872
018875
018899
018901
018903
018907
018908
018915
018917
018939
018941
018948
018957
018968
018972
018987
018988
018992
018993
018994
018995
019004
019006
019009
019014
019024
019041
019044
019045
019047
019049
019069
019074
019075
019079
019083
019092
019105
019106
019108
019111
019114
019122
019123
019128
019133
019135
019136
019139
019143
019146
019149
019150
019155
019157
019172
019173
019178
019203
019206
019209
019211
019220
019234
019241
019249
019275
019276
019277
019280
019284
019291
019294
019296
019302
019303
019304
019309
019311
019316
019319
019321
019322
019323
019325
019327
019329
019332
019340
019342
019343
019347
019350
019359
019369
019379
019388
019390
019391
019396
019416
019422
019423
019437
019441
019443
019447
019460
019464
019468
019472
019478
019480
019490
019492
019494
019498
019510
019519
019520
019533
019535
019542
019543
019560
019562
019567
019570
019571
019580
019585
019589
019590
019591
019605
019611
019614
019618
019636
019645
019664
019671
019677
019689
019690
019697
019699
019709
019711
019722
019723
019733
019736
019763
019768
019774
019785
019787
019788
019794
019815
019819
019824
019836
019842
019855
019863
019864
019866
019874
019877
019878
019888
019891
019908
019910
019914
019929
019932
019944
019949
019951
019959
019960
019963
019966
019983
019987
019988
019989
019990
020004
020018
020020
020021
020033
020038
020044
020061
020077
020087
020088
020101
020103
020111
020112
020120
020124
020125
020140
020143
020151
020154
020167
020168
020173
020178
020180
020187
020189
020207
020208
020210
020217
020224
020225
020228
020230
020235
020239
020255
020258
020263
020266
020273
020279
020282
020290
020295
020297
020298
020300
020305
020325
020327
020328
020329
020334
020336
020337
020343
020344
020350
020358
020367
020370
020377
020387
020399
020404
020405
020424
020425
020427
020433
020435
020438
020442
020444
020445
020452
020453
020454
020458
020463
020470
020484
020503
020507
020513
020516
020518
020526
020530
020534
020537
020543
020545
020549
020559
020562
020566
020573
020576
020590
020594
020595
020602
020611
020625
020627
020639
020646
020651
020657
020660
020666
020668
020674
020678
020689
020691
020695
020699
020702
020707
020717
020719
020725
020728
020732
020733
020734
020738
020740
020749
020751
020772
020780
020789
020798
020807
020823
020830
020833
020838
020841
020846
020848
020849
020851
020857
020860
020861
020862
020863
020878
020902
020907
020918
020928
020932
020933
020936
020937
020939
020946
020955
020958
020960
020961
020966
020970
020972
020975
020976
020990
021006
021010
021015
021017
021024
021026
021036
021040
021045
021046
021048
021050
021056
021057
021063
021064
021073
021075
021078
021080
021082
021084
021089
021093
021097
021120
021124
021126
021131
021144
021147
021152
021153
021157
021163
021184
021185
021186
021188
021192
021206
021210
021212
021214
021215
021232
021245
021249
021265
021274
021281
021288
021297
021303
021304
021309
021318
021319
021322
021328
021333
021346
021352
021355
021367
021370
021378
021383
021384
021385
021388
021393
021396
021399
021401
021404
021405
021411
021418
021424
021436
021444
021445
021459
021462
021466
021468
021473
021475
021480
021489
021490
021495
021501
021513
021523
021525
021534
021541
021542
021566
021568
021577
021578
021587
021595
021597
021602
021606
021608
021611
021623
021632
021639
021642
021645
021656
021663
021670
021672
021675
021679
021680
021682
021698
021699
021700
021713
021727
021735
021744
021749
021752
021753
021759
021765
021770
021788
021791
021794
021795
021796
021805
021811
021819
021824
021825
021832
021835
021837
021842
021846
021850
021855
021857
021861
021865
021869
021877
021885
021891
021892
021893
021902
021909
021914
021918
021924
021941
021943
021947
021951
021956
021958
021960
021962
021973
021976
021979
021983
021987
021988
021994
022000
022002
022004
022019
022024
022025
022028
022033
022036
022057
022060
022062
022069
022071
022076
022078
022108
022117
022122
022140
022141
022143
022144
022145
022149
022150
022160
022169
022170
022171
022175
022184
022198
022206
022211
022213
022222
022249
022250
022256
022257
022275
022277
022281
022295
022300
022301
022302
022321
022326
022330
022333
022341
022343
022345
022347
022354
022357
022374
022382
022385
022389
022390
022394
022414
022416
022424
022432
022433
022439
022440
022447
022448
022450
022454
022457
022463
022467
022468
022475
022492
022500
022511
022512
022519
022522
022532
022535
022538
022542
022544
022546
022549
022551
022557
022566
022568
022572
022581
022584
022585
022598
022601
022627
022633
022638
022646
022655
022657
022661
022683
022686
022688
022692
022693
022700
022703
022709
022724
022741
022752
022766
022770
022780
022802
022810
022818
022825
022831
022832
022837
022839
022848
022854
022859
022866
022878
022889
022891
022893
022901
022902
022904
022912
022931
022932
022935
022943
022960
022964
022966
022967
022973
022974
022993
022999
023002
023006
023007
023026
023029
023030
023033
023037
023041
023043
023048
023051
023059
023061
023063
023066
023068
023077
023078
023085
023097
023098
023102
023106
023107
023109
023117
023119
023121
023126
023129
023134
023140
023143
023145
023150
023152
023154
023155
023166
023169
023175
023177
023179
023180
023183
023184
023194
023195
023212
023214
023218
023221
023222
023224
023256
023266
023279
023282
023283
023286
023295
023300
023301
023302
023306
023308
023317
023320
023327
023335
023336
023342
023348
023350
023359
023361
023363
023365
023370
023372
023373
023375
023380
023393
023394
023397
023398
023407
023408
023418
023423
023424
023425
023431
023446
023449
023450
023452
023459
023461
023462
023464
023466
023470
023482
023483
023484
023486
023487
023492
023495
023507
023509
023510
023516
023517
023523
023525
023532
023536
023543
023562
023563
023568
023572
023588
023593
023604
023608
023609
023611
023618
023634
023639
023640
023645
023672
023676
023682
023683
023692
023699
023703
023708
023709
023710
023711
023715
023717
023722
023726
023731
023734
023758
023765
023772
023773
023776
023781
023785
023789
023791
023792
023793
023798
023803
023804
023815
023818
023819
023831
023847
023853
023855
023869
023871
023872
023876
023881
023887
023891
023902
023905
023906
023911
023916
023920
023924
023927
023929
023933
023935
023937
023951
023955
023963
023972
023974
023977
023980
023991
023995
024001
024008
024009
024015
024027
024030
024036
024050
024052
024056
024061
024064
024070
024074
024092
024093
024099
024101
024108
024112
024119
024123
024127
024131
024142
024143
024145
024146
024150
024152
024157
024165
024166
024167
024170
024173
024175
024176
024179
024183
024190
024199
024205
024210
024224
024226
024245
024250
024251
024256
024265
024272
024274
024275
024280
024281
024283
024287
024292
024294
024303
024306
024312
024325
024326
024339
024358
024360
024368
024375
024378
024384
024392
024398
024399
024408
024414
024419
024420
024423
024436
024439
024451
024456
024463
024478
024482
024494
024511
024515
024521
024523
024526
024531
024537
024541
024542
024555
024560
024569
024570
024582
024584
024586
024597
024603
024604
024606
024625
024633
024635
024638
024645
024648
024650
024654
024659
024669
024673
024674
024677
024692
024693
024694
024704
024710
024713
024731
024732
024734
024735
024744
024748
024750
024762
024770
024774
024781
024785
024790
024791
024795
024796
024800
024805
024820
024823
024838
024853
024867
024873
024891
024899
024914
024932
024934
024941
024961
024962
024963
024965
024970
024975
024976
024980
024996
025003
025010
025018
025028
025029
025034
025043
025044
025052
025054
025059
025060
025065
025068
025071
025072
025077
025078
025084
025086
025087
025093
025095
025096
025100
025101
025102
025104
025106
025107
025108
025118
025120
025134
025152
025160
025163
025172
025176
025185
025190
025197
025201
025203
025212
025213
025219
025222
025228
025236
025239
025240
025242
025253
025258
025263
025266
025268
025269
025279
025291
025296
025297
025314
025318
025321
025325
025326
025330
025332
025335
025346
025357
025368
025369
025371
025392
025394
025395
025402
025410
025418
025429
025431
025438
025445
025451
025454
025457
025463
025493
025499
025506
025511
025512
025516
025523
025536
025540
025544
025553
025557
025558
025559
025560
025564
025570
025571
025576
025577
025580
025582
025587
025590
025595
025597
025601
025602
025603
025606
025610
025615
025616
025617
025638
025645
025646
025649
025652
025655
025657
025666
025667
025675
025677
025686
025701
025702
025708
025710
025715
025719
025732
025735
025751
025754
025756
025763
025765
025768
025773
025774
025777
025782
025789
025797
025800
025803
025804
025805
025810
025821
025826
025835
025845
025846
025847
025876
025878
025879
025886
025892
025896
025897
025899
025901
025911
025913
025915
025916
025922
025925
025927
025928
025931
025936
025943
025945
025950
025955
025957
025958
025959
025961
025963
025970
025979
025987
025999
026013
026023
026028
026030
026032
026040
026043
026048
026049
026050
026053
026062
026067
026073
026075
026080
026092
026096
026101
026109
026111
026113
026118
026120
026121
026131
026136
026141
026142
026146
026147
026149
026154
026155
026157
026161
026163
026170
026172
026173
026178
026189
026196
026199
026208
026213
026216
026223
026233
026240
026242
026243
026244
026253
026255
026271
026273
026276
026278
026281
026282
026285
026288
026291
026294
026298
026303
026314
026316
026321
026330
026333
026336
026337
026342
026343
026348
026350
026352
026358
026361
026366
026374
026376
026380
026385
026394
026396
026398
026403
026408
026412
026415
026418
026422
026427
026440
026456
026461
026467
026486
026489
026498
026500
026502
026505
026516
026523
026533
026534
026541
026542
026551
026554
026560
026563
026564
026574
026577
026578
026581
026585
026586
026591
026602
026606
026610
026621
026623
026625
026629
026634
026640
026651
026654
026663
026664
026669
026673
026675
026676
026680
026682
026689
026692
026698
026699
026704
026707
026721
026724
026726
026741
026744
026754
026756
026785
026786
026789
026801
026802
026805
026810
026813
026815
026821
026823
026833
026837
026842
026843
026845
026858
026859
026868
026874
026881
026882
026895
026899
026904
026905
026907
026918
026920
026922
026928
026933
026950
026951
026954
026959
026962
026970
026971
026973
026974
026979
027001
027023
027028
027036
027045
027046
027049
027053
027054
027062
027079
027083
027102
027105
027111
027122
027127
027128
027132
027134
027146
027147
027165
027167
027168
027174
027176
027178
027183
027187
027193
027197
027202
027206
027209
027211
027216
027226
027228
027229
027240
027246
027255
027258
027259
027261
027275
027281
027290
027291
027292
027293
027296
027303
027311
027315
027323
027325
027327
027330
027331
027333
027337
027338
027339
027343
027347
027355
027356
027357
027374
027390
027414
027415
027417
027426
027428
027432
027439
027444
027448
027462
027464
027475
027479
027481
027487
027491
027493
027500
027501
027515
027529
027530
027534
027537
027552
027556
027564
027565
027580
027584
027594
027596
027598
027607
027609
027625
027630
027634
027635
027646
027648
027651
027657
027661
027664
027687
027689
027690
027704
027706
027716
027719
027720
027728
027731
027736
027738
027744
027749
027755
027767
027770
027777
027780
027786
027798
027809
027815
027820
027829
027832
027837
027846
027850
027856
027858
027868
027876
027878
027881
027884
027887
027890
027897
027902
027905
027916
027928
027933
027937
027938
027939
027948
027955
027963
027965
027984
027987
027994
027999
028001
028006
028013
028014
028020
028036
028037
028043
028046
028051
028053
028063
028068
028070
028080
028083
028088
028100
028118
028122
028134
028135
028137
028175
028186
028197
028208
028210
028223
028226
028228
028243
028255
028256
028261
028269
028278
028279
028280
028284
028285
028292
028296
028297
028298
028307
028311
028320
028322
028325
028336
028337
028339
028343
028353
028360
028375
028378
028384
028385
028392
028396
028397
028402
028403
028405
028408
028415
028428
028431
028436
028439
028444
028445
028450
028455
028466
028470
028472
028477
028496
028499
028500
028506
028509
028512
028521
028531
028534
028538
028541
028546
028547
028549
028552
028553
028562
028572
028585
028589
028590
028595
028597
028600
028612
028624
028626
028631
028632
028636
028638
028640
028655
028668
028672
028689
028701
028702
028710
028733
028740
028743
028772
028775
028783
028799
028800
028809
028812
028815
028821
028822
028825
028827
028835
028844
028846
028849
028875
028877
028880
028889
028894
028897
028899
028906
028920
028936
028938
028943
028952
028954
028963
028967
028969
028972
028973
028979
028986
028990
028994
028999
029006
029013
029024
029034
029040
029041
029051
029062
029065
029068
029074
029079
029082
029084
029086
029104
029107
029111
029113
029121
029127
029129
029142
029149
029154
029157
029158
029161
029163
029169
029171
029180
029183
029186
029188
029191
029195
029196
029212
029222
029223
029225
029234
029238
029248
029249
029251
029262
029268
029279
029280
029283
029289
029290
029292
029298
029301
029306
029313
029315
029320
029324
029327
029337
029339
029344
029346
029347
029348
029351
029358
029370
029371
029378
029379
029384
029389
029402
029403
029412
029414
029415
029424
029429
029430
029436
029442
029443
029466
029471
029487
029490
029499
029500
029505
029510
029514
029520
029525
029529
029532
029533
029535
029537
029547
029549
029550
029557
029564
029578
029583
029590
029594
029604
029606
029608
029612
029621
029625
029628
029633
029635
029637
029640
029645
029648
029651
029658
029663
029673
029680
029684
029687
029693
029698
029703
029706
029714
029715
029732
029735
029736
029752
029764
029767
029770
029776
029784
029789
029796
029803
029804
029808
029812
029819
029820
029834
029838
029849
029868
029872
029876
029877
029884
029889
029891
029895
029898
029900
029906
029915
029922
029926
029929
029934
029935
029943
029946
029950
029952
029958
029965
029967
029974
029976
029982
030008
030009
030013
030014
030015
030018
030019
030029
030033
030044
030051
030053
030060
030071
030073
030084
030086
030088
030090
030092
030094
030095
030103
030109
030110
030116
030117
030118
030126
030134
030139
030142
030144
030147
030150
030153
030157
030169
030170
030174
030179
030180
030182
030184
030190
030193
030194
030230
030231
030232
030233
030237
030239
030241
030246
030254
030258
030259
030270
030273
030276
030284
030285
030303
030316
030318
030319
030324
030330
030331
030334
030337
030343
030357
030361
030363
030368
030372
030375
030376
030377
030379
030381
030384
030390
030391
030401
030410
030426
030432
030438
030457
030458
030459
030466
030471
030475
030476
030487
030490
030491
030500
030501
030509
030524
030526
030536
030538
030563
030565
030566
030575
030590
030593
030595
030600
030606
030609
030614
030630
030631
030637
030640
030646
030648
030651
030655
030657
030660
030665
030671
030676
030679
030684
030686
030698
030702
030723
030724
030729
030735
030740
030741
030752
030761
030765
030775
030779
030781
030784
030789
030803
030812
030835
030836
030846
030849
030853
030857
030860
030863
030868
030873
030875
030876
030884
030889
030891
030894
030898
030900
030904
030906
030907
030908
030922
030924
030926
030928
030937
030938
030945
030947
030965
030974
030981
030982
030985
030996
030998
031010
031042
031052
031056
031058
031060
031062
031070
031074
031078
031087
031096
031097
031101
031102
031103
031109
031116
031121
031123
031134
031135
031136
031137
031148
031157
031161
031163
031172
031175
031179
031186
031190
031207
031214
031218
031219
086743
086795
086801
086812
086818
086820
086855
087027
087029
087100
087112
087130
087144
087241
087452
087494
017254
017284
017289
017292
017302
017312
017339
017348
017368
017389
017419
017464
017472
017480
017481
017485
017502
017518
017520
017525
017537
017550
017553
017564
017570
017591
017609
017642
017669
017672
017715
017719
017729
017752
017757
017764
017797
017852
017895
017902
017908
017914
017926
017938
017950
017984
018031
018036
018045
018052
018055
018064
018069
018083
018084
018095
018099
018109
018120
018131
018157
018161
018171
018187
018199
018225
018245
018263
018269
018284
018346
018349
018399
018408
018418
018441
018461
018473
018475
018478
018479
018491
018543
018546
018547
018557
018590
018594
018602
018636
018656
018657
018661
018665
018675
018681
018687
018707
018715
018722
018725
018733
018734
018737
018760
018775
018777
018778
018782
018783
018785
018809
018822
018826
018833
018840
018841
018864
018881
018890
018892
018923
018931
018932
018946
018971
018975
018976
018977
019021
019027
019036
019058
019060
019109
019127
019134
019140
019176
019179
019180
019182
019204
019216
019229
019231
019250
019253
019260
019269
019320
019324
019326
019333
019351
019399
019409
019418
019427
019444
019448
019456
019485
019486
019504
019505
019508
019513
019516
019523
019541
019558
019601
019607
019613
019622
019630
019634
019647
019675
019686
019687
019704
019714
019738
019748
019751
019772
019776
019782
019791
019799
019807
019817
019844
019858
019890
019893
019905
019920
019957
019978
019981
020008
020012
020016
020043
020051
020060
020073
020080
020081
020089
020090
020098
020106
020108
020114
020130
020135
020136
020158
020171
020199
020218
020221
020249
020256
020268
020275
020314
020316
020330
020352
020365
020412
020431
020446
020464
020465
020469
020476
020477
020478
020486
020488
020489
020495
020509
020535
020539
020540
020542
020544
020546
020601
020612
020615
020616
020620
020659
020675
020692
020706
020708
020761
020774
020803
020804
020809
020812
020826
020856
020867
020887
020890
020892
020904
020915
020929
020943
020954
020959
020963
020967
020981
020984
020991
021049
021108
021116
021137
021139
021168
021224
021225
021234
021248
021259
021263
021293
021302
021313
021323
021330
021341
021345
021354
021363
021366
021390
021406
021461
021469
021515
021526
021528
021549
021571
021592
021648
021662
021678
021703
021712
021720
021731
021761
021763
021783
021790
021806
021807
021833
021841
021873
021886
021888
021896
021900
021904
021912
021919
021921
021936
021938
021965
021978
021984
021991
022012
022023
022038
022043
022047
022058
022067
022085
022089
022092
022096
022107
022120
022131
022135
022137
022147
022154
022158
022165
022230
022262
022306
022314
022327
022328
022348
022350
022358
022364
022369
022437
022449
022462
022470
022480
022497
022503
022509
022554
022571
022576
022593
022596
022607
022611
022612
022634
022635
022637
022650
022668
022671
022712
022713
022729
022730
022735
022779
022787
022790
022794
022809
022813
022841
022856
022882
022884
022888
022898
022928
022930
022933
022936
022938
022954
022968
022976
023000
023009
023012
023015
023020
023027
023034
023036
023044
023076
023084
023093
023094
023105
023113
023144
023153
023182
023189
023190
023192
023193
023213
023241
023264
023278
023287
023293
023311
023324
023325
023330
023355
023368
023391
023413
023416
023427
023435
023441
023451
023475
023485
023494
023506
023529
023550
023580
023591
023594
023610
023612
023656
023675
023685
023690
023702
023707
023729
023735
023754
023775
023779
023800
023807
023820
023825
023849
023851
023857
023859
023865
023880
023892
023908
023921
023923
023936
023968
023970
023981
024000
024010
024021
024043
024044
024045
024073
024075
024091
024115
024124
024169
024213
024220
024235
024241
024257
024260
024298
024319
024336
024337
024343
024348
024376
024389
024396
024401
024407
024416
024427
024440
024444
024446
024464
024465
024479
024484
024486
024499
024503
024508
024533
024540
024557
024559
024566
024593
024598
024612
024624
024627
024629
024639
024649
024656
024657
024666
024675
024676
024695
024697
024716
024736
024753
024758
024776
024783
024789
024797
024825
024829
024846
024852
024913
024923
024935
024944
024949
024957
024989
024995
025019
025025
025026
025031
025045
025049
025053
025055
025066
025069
025089
025114
025115
025124
025128
025136
025149
025157
025180
025188
025189
025193
025200
025225
025251
025252
025283
025299
025309
025317
025320
025333
025347
025355
025365
025370
025374
025383
025390
025391
025404
025409
025419
025432
025435
025453
025467
025468
025472
025474
025478
025479
025487
025504
025562
025573
025574
025581
025596
025598
025659
025671
025685
025689
025724
025727
025728
025736
025748
025749
025755
025759
025761
025766
025769
025786
025787
025792
025798
025802
025806
025814
025820
025832
025839
025868
025872
025880
025888
025898
025902
025903
025908
025921
025923
025947
025948
025951
025964
025967
025972
025985
025991
025996
026004
026009
026025
026033
026039
026063
026068
026077
026093
026126
026129
026160
026165
026171
026177
026186
026203
026210
026218
026227
026228
026232
026246
026251
026252
026256
026280
026284
026329
026332
026347
026353
026357
026365
026367
026368
026379
026381
026382
026400
026423
026429
026449
026450
026459
026466
026481
026491
026492
026494
026501
026515
026521
026527
026528
026530
026552
026557
026566
026579
026595
026603
026607
026614
026615
026616
026627
026628
026631
026638
026647
026672
026686
026709
026732
026752
026761
026776
026806
026818
026819
026828
026844
026862
026873
026876
026878
026890
026901
026914
026917
026925
026931
026934
026938
026947
026967
026977
026983
026986
026992
026997
027033
027040
027042
027047
027055
027068
027082
027084
027088
027089
027117
027120
027135
027140
027157
027175
027181
027184
027185
027195
027201
027220
027239
027245
027249
027253
027260
027264
027266
027284
027300
027302
027305
027312
027316
027318
027329
027351
027373
027384
027387
027388
027394
027395
027396
027410
027411
027420
027424
027425
027434
027453
027454
027488
027526
027558
027568
027570
027577
027592
027600
027616
027622
027627
027641
027647
027658
027659
027667
027670
027703
027726
027729
027745
027747
027752
027754
027766
027779
027804
027824
027825
027851
027854
027855
027873
027898
027904
027926
027929
027931
027941
027981
027982
027990
028000
028002
028027
028031
028035
028041
028058
028059
028075
028082
028092
028105
028124
028161
028167
028181
028196
028198
028199
028201
028204
028213
028217
028225
028227
028230
028231
028241
028246
028250
028252
028260
028276
028295
028299
028312
028330
028334
028348
028354
028357
028371
028389
028400
028413
028414
028416
028440
028442
028475
028476
028481
028492
028524
028528